[ 1.59727758e+00  9.69432719e-01  7.97285299e-01 -1.16752253e+00
  6.57619915e-01 -1.27404263e+00  1.12193993e+00  1.20636551e+00
  1.05649887e+00 -1.17764150e+00  1.11437961e+00  1.60563549e-01
 -6.19568047e-01 -3.83890786e-01 -4.80900153e-01 -2.11679688e-01
  1.92086644e-01 -1.57283112e+00  5.86297580e-02 -1.16497280e-03
 -3.55664877e-01 -1.00186618e+00  3.16962340e-02 -4.45016170e-01
  8.28395230e-01 -4.33368204e-01 -6.77705210e-01  1.48311665e+00
  1.61053168e+00 -1.86542333e+00  1.11888456e-01 -1.26821822e+00
  1.37650524e+00 -2.08928120e-01 -6.37126202e-01  5.07966523e-01
  1.80700674e+00 -3.78526660e-01 -1.51607497e+00  1.61503764e+00
 -1.57035687e+00 -2.63998194e-01  9.92781220e-02 -1.74199750e-01
  1.28807954e-01  9.00309393e-01 -9.56785744e-01 -8.14538974e-01
 -5.37198987e-01 -2.23882965e+00 -5.43134593e-01  1.41181134e-01
 -8.25525612e-01  1.53621082e-01 -5.80096883e-01 -1.06619972e+00
 -3.79271734e-01 -2.68505136e-01 -9.24755188e-01  1.04406655e+00
 -1.36953965e-01  4.74266510e-01  1.32563132e+00  7.73676490e-02
 -1.28087017e+00  1.09681624e+00 -1.38985043e+00  1.21076982e+00
  4.18721210e-01  9.32181806e-01  4.03249756e-01  2.16011151e+00
 -7.37177320e-01 -7.40779532e-01 -1.19528585e-01 -5.70215925e-01
  8.12102000e-01  2.55743303e-01 -8.73687064e-01  5.25564168e-01
  1.26958726e+00 -1.24678608e+00 -6.01062831e-01 -1.46260571e-01
 -7.19963520e-02  6.83228216e-01 -2.28315154e-01  1.32538699e-01
  2.03480528e+00 -1.18652856e-01 -8.92590639e-01  1.37945499e+00
  4.79883707e-01  1.09462256e+00  3.56673380e-01  2.97407778e-01
  9.29762649e-01  1.13256418e+00 -1.12585956e+00 -5.90774096e-01
  1.73981655e+00 -2.29937374e+00  9.27290376e-01  2.51297510e-01
 -2.44516300e-01  5.96993408e-01  1.34700002e+00 -2.04642559e+00
  1.66969343e+00  2.65133794e-01 -1.62663864e+00  1.14069097e-01
  1.73615818e-01 -8.08789738e-01  5.54878062e-01 -5.17605334e-01
 -1.69800538e+00 -1.57222934e-02 -1.10328798e+00 -1.62082189e+00
  9.46443188e-01 -6.74631234e-01 -6.98774210e-02  4.84898400e-02
 -1.11160349e+00 -1.15154264e+00  5.95018432e-01 -2.03463081e+00
  2.04990970e-01  1.67494400e-01  4.26242710e-01 -4.99067764e-01
  1.85024537e+00 -9.12983362e-01  2.60654565e-01  1.73062984e-01
 -2.28131942e-01  9.79317324e-01  4.75558876e-01  7.13216460e-02
  1.62001154e+00  1.39963247e+00 -1.03418391e+00 -1.10365611e-01
  3.94866196e-01  2.23068733e-01  1.14385319e+00 -1.02477661e+00
  1.59043686e-01  1.63465113e+00 -4.61354340e-01 -1.35409656e+00
  1.37031526e+00 -6.96594539e-01  4.01307610e-01 -3.43916960e-01
 -1.81256714e-01  1.23574405e+00  6.32595913e-01 -1.55106954e+00
 -5.49653220e-01  1.01981561e+00 -8.69597959e-01  8.85602723e-01
 -4.20146170e-01  9.44110010e-01  1.40810684e+00  6.00440039e-01
 -2.66468456e+00 -3.73171626e-01 -5.85425368e-01 -3.61875894e-01
  5.74353200e-02 -4.82272445e-01 -4.61409508e-01  2.01517956e+00
 -8.54897854e-01 -9.00448737e-01  4.33079246e-01 -2.06289497e+00
 -9.36035278e-01  7.36643534e-01 -1.45323995e+00 -3.11154170e-01
  5.76079280e-02 -1.50703350e+00 -8.19958657e-01  1.05756521e+00
 -1.54278950e+00  8.08612394e-01  1.33368594e+00  9.56149030e-01
  3.78904118e-01  1.11566433e+00 -2.29074841e+00  5.63202869e-01
  1.07515723e-01 -3.49297562e-01  1.12248673e+00  7.64517249e-01]
[0. 0. 0. 0. 0. 0. 0. 0. 0. 0. 0. 0. 0. 0. 0. 0. 0. 0. 0. 0. 0. 0. 0. 0.
 0. 0. 0. 0. 0. 0. 0. 0. 0. 0. 0. 0. 0. 0. 0. 0. 0. 0. 0. 0. 0. 0. 0. 0.
 0. 0. 0. 0. 0. 0. 0. 0. 0. 0. 0. 0. 0. 0. 0. 0. 0. 0. 0. 0. 0. 0. 0. 0.
 0. 0. 0. 0. 0. 0. 0. 0. 0. 0. 0. 0. 0. 0. 0. 0. 0. 0. 0. 0. 0. 0. 0. 0.
 0. 0. 0. 0. 0. 0. 0. 0. 0. 0. 0. 0. 0. 0. 0. 0. 0. 0. 0. 0. 0. 0. 0. 0.
 0. 0. 0. 0. 0. 0. 0. 0. 0. 0. 0. 0. 0. 0. 0. 0. 0. 0. 0. 0. 0. 0. 0. 0.
 0. 0. 0. 0. 0. 0. 0. 0. 0. 0. 0. 0. 0. 0. 0. 0. 0. 0. 0. 0. 0. 0. 0. 0.
 0. 0. 0. 0. 0. 0. 0. 0. 0. 0. 0. 0. 0. 0. 0. 0. 0. 0. 0. 0. 0. 0. 0. 0.
 0. 0. 0. 0. 0. 0. 0. 0.]
[ 0.4218514   0.10861621 -0.58525201  1.76000556 -1.17703032  0.3485015
 -0.08170031  0.8431488  -0.44647702  0.57648272 -1.55664996  0.38319356
  0.45257768 -0.13026919  0.31281631 -0.54956682  0.0818557   0.25135698
 -0.33942144 -0.52875158  0.40301567 -0.04601512  0.41293348  0.17900022
 -0.99563172 -0.27201683  0.1849455  -0.44151811 -0.62787562  1.33775556
 -0.094584    1.09487736 -0.3186062   0.39211148 -0.4772033   0.7509294
 -1.70136348  0.77471052  0.70140792 -0.34239408  0.84808068 -0.87571272
  0.09176675  0.5070986  -0.10846082 -0.87071328  0.74897016 -0.29283206
 -0.31761307  0.51403702 -0.62192358 -0.60606725 -0.02817252 -0.15901597
 -0.31266092  0.79950504 -0.48612798  0.32966578  0.30984367 -0.60706038
 -0.02519853  0.52394807 -0.6853962  -0.22741372  0.90456084 -0.36023668
  1.69859352 -1.03326264  0.62009946  0.19485655  0.54972221 -1.11555072
  1.12561716  0.0818557  -0.03709382 -0.09061823  0.3861662  -0.03015541
  0.1671029  -0.26408528 -0.03511161  0.70336716 -0.08963185  0.19386342
  0.48826288 -0.4573812  -0.11936501  0.31678208 -0.32157884 -0.23732477
  0.7063398  -0.5783136   1.7491284  -0.63580716  0.38913884 -0.06980299
  0.53485225 -1.0917696   1.12764396  0.21071964 -0.4772033   1.39328988
 -0.8667948   0.03328411  0.20774024 -0.35231189 -1.28309952  1.17223356
 -0.60309461  0.38319356  0.13736299 -0.66950609 -0.83700084  0.30885054
 -0.727959    0.11060248  0.75687468 -1.43477172 -0.22344794  0.0402232
 -0.2561605  -0.47026489  0.11654776 -0.7884252  -0.42169601  0.37625515
 -1.04420736  1.07609568 -1.20574332  0.12249304  0.13736299  0.47537918
 -1.35147024  0.91550556 -0.30274987  0.8431488   1.11967188 -0.16100224
 -0.35726404  0.84706728 -0.79835652  0.08284883  1.371468   -0.28589365
  0.05608291  0.68749056  0.0263457  -0.15901597  0.41293348 -0.396915
 -0.08170031  0.47637232 -0.50595008  1.82844384 -1.36836024  0.50610547
  0.0402232   0.43572822 -1.01150832  1.0532604  -0.09557713 -0.24029741
  0.300919   -0.70715052  0.0451794   0.3990499  -0.47225116 -0.36916135
  0.61712682 -0.49108013  1.13554848  0.29001481 -0.9252342  -0.40781918
  0.52097543 -1.6359654  -0.14613228  0.86294388 -0.6387798   0.29794636
 -0.36222294 -0.50595008 -0.31166779  0.22360333 -0.80038332  0.21071964
  0.8877384  -0.70620468  0.58144163 -1.1086596   0.14033563 -0.16794065
 -0.16298174 -0.92327496  1.32187896 -0.22741372  1.3407282  -0.82213764
 -0.80234256 -0.55353259]
[-0.89339721  0.5227236  -0.30497366 -0.66943444  0.0982394   0.80596525
 -0.70219496 -0.20858377 -0.52328045  0.10108265  0.95866781 -0.44220058
 -0.21506589  0.3956173   0.12804515 -0.2115806   0.04548815 -0.02004522
  0.32824458  0.2910218  -0.44563964  0.37055107  0.08090299 -0.12058843
  0.25429621  0.30711168 -0.32157759  0.54237853 -0.39432115 -0.1988007
 -0.19811027  0.10609286 -0.74668213  0.32079707 -0.19860891 -0.40052376
  0.89554552 -0.59861321 -0.21903116 -0.01851348  0.11643432  0.12475819
  0.21395788 -0.60212655  0.32865738  0.21101485 -0.34926872  0.29828604
  0.47458923 -0.05109223  0.28058829  0.45047796 -0.10352583  0.45024248
  0.07118021 -0.2334986   0.37539211  0.14772221 -0.39752732  0.32747802
 -0.09079026 -0.67546306  0.68436072 -0.26200449 -0.16757853 -0.15801216
 -0.08733606 -0.19581894  0.15643414 -0.89102966  0.14940024  0.14284672
 -0.55801705 -0.19459128  0.49680487  0.13958273 -0.35775633  0.10068191
 -0.326287    0.25409005 -0.4811836  -0.39009682  0.50267552  0.19951059
 -0.51879116  0.11652942 -0.0880666  -0.31168218  0.32614676 -0.2249023
 -0.14908295  0.10673786 -0.58332326 -0.3580819   0.31575195 -0.4243204
 -0.09219085  0.33414505 -0.49629622 -0.04676156  0.04236128  0.01002152
 -0.20100488  0.33275672 -0.66264109  0.57683956  0.16529258 -0.21584329
  0.02798505  0.12554755  0.03286241  0.39086755  0.38197699 -0.41841197
  0.69390562 -0.26102858 -0.12135408  0.8613797   0.72739009 -0.14824889
  0.29092751  0.37372745 -0.27730767  0.85805186 -0.10323755  0.2725171
  0.38180826  0.1217893   0.04892836  0.43072059 -0.7114403   0.26486455
  0.19139548 -0.24146769 -0.0535286   0.0378523  -0.53855964 -0.12659057
 -0.01865608 -0.69730607  0.53166639 -0.35705456 -0.69089787  0.20894913
  0.10060698 -0.52957202 -0.25593916  0.06040829 -0.30440184  0.39985071
 -0.25244333  0.02024666 -0.08408432 -0.40919284  0.081884    0.30509348
 -0.36018786 -0.1190146   0.22555624 -0.30910774  0.0578442  -0.00799864
  0.09343874 -0.00479762  0.564777   -0.78515923  0.52982863 -0.24613152
  0.18816328  0.24282132 -0.11999172 -0.35369246  0.7900524  -0.18797583
 -0.35917879  1.03960034  0.1131774  -0.24695493  0.16833209  0.57446199
 -0.01961185  0.46868723  0.22412985 -0.22589834  0.87249234 -0.42707534
 -0.36017952  0.16859836  0.33486004 -0.04314266 -0.08374353 -0.71983038
  0.78014613  0.17103398 -0.50120563 -0.11270654 -0.18789804  0.05172998
  0.30608331  0.01621123]


  
[ 1.59727758e+00  9.69432719e-01  7.97285299e-01 -1.16752253e+00
  6.57619915e-01 -1.27404263e+00  1.12193993e+00  1.20636551e+00
  1.05649887e+00 -1.17764150e+00  1.11437961e+00  1.60563549e-01
 -6.19568047e-01 -3.83890786e-01 -4.80900153e-01 -2.11679688e-01
  1.92086644e-01 -1.57283112e+00  5.86297580e-02 -1.16497280e-03
 -3.55664877e-01 -1.00186618e+00  3.16962340e-02 -4.45016170e-01
  8.28395230e-01 -4.33368204e-01 -6.77705210e-01  1.48311665e+00
  1.61053168e+00 -1.86542333e+00  1.11888456e-01 -1.26821822e+00
  1.37650524e+00 -2.08928120e-01 -6.37126202e-01  5.07966523e-01
  1.80700674e+00 -3.78526660e-01 -1.51607497e+00  1.61503764e+00
 -1.57035687e+00 -2.63998194e-01  9.92781220e-02 -1.74199750e-01
  1.28807954e-01  9.00309393e-01 -9.56785744e-01 -8.14538974e-01
 -5.37198987e-01 -2.23882965e+00 -5.43134593e-01  1.41181134e-01
 -8.25525612e-01  1.53621082e-01 -5.80096883e-01 -1.06619972e+00
 -3.79271734e-01 -2.68505136e-01 -9.24755188e-01  1.04406655e+00
 -1.36953965e-01  4.74266510e-01  1.32563132e+00  7.73676490e-02
 -1.28087017e+00  1.09681624e+00 -1.38985043e+00  1.21076982e+00
  4.18721210e-01  9.32181806e-01  4.03249756e-01  2.16011151e+00
 -7.37177320e-01 -7.40779532e-01 -1.19528585e-01 -5.70215925e-01
  8.12102000e-01  2.55743303e-01 -8.73687064e-01  5.25564168e-01
  1.26958726e+00 -1.24678608e+00 -6.01062831e-01 -1.46260571e-01
 -7.19963520e-02  6.83228216e-01 -2.28315154e-01  1.32538699e-01
  2.03480528e+00 -1.18652856e-01 -8.92590639e-01  1.37945499e+00
  4.79883707e-01  1.09462256e+00  3.56673380e-01  2.97407778e-01
  9.29762649e-01  1.13256418e+00 -1.12585956e+00 -5.90774096e-01
  1.73981655e+00 -2.29937374e+00  9.27290376e-01  2.51297510e-01
 -2.44516300e-01  5.96993408e-01  1.34700002e+00 -2.04642559e+00
  1.66969343e+00  2.65133794e-01 -1.62663864e+00  1.14069097e-01
  1.73615818e-01 -8.08789738e-01  5.54878062e-01 -5.17605334e-01
 -1.69800538e+00 -1.57222934e-02 -1.10328798e+00 -1.62082189e+00
  9.46443188e-01 -6.74631234e-01 -6.98774210e-02  4.84898400e-02
 -1.11160349e+00 -1.15154264e+00  5.95018432e-01 -2.03463081e+00
  2.04990970e-01  1.67494400e-01  4.26242710e-01 -4.99067764e-01
  1.85024537e+00 -9.12983362e-01  2.60654565e-01  1.73062984e-01
 -2.28131942e-01  9.79317324e-01  4.75558876e-01  7.13216460e-02
  1.62001154e+00  1.39963247e+00 -1.03418391e+00 -1.10365611e-01
  3.94866196e-01  2.23068733e-01  1.14385319e+00 -1.02477661e+00
  1.59043686e-01  1.63465113e+00 -4.61354340e-01 -1.35409656e+00
  1.37031526e+00 -6.96594539e-01  4.01307610e-01 -3.43916960e-01
 -1.81256714e-01  1.23574405e+00  6.32595913e-01 -1.55106954e+00
 -5.49653220e-01  1.01981561e+00 -8.69597959e-01  8.85602723e-01
 -4.20146170e-01  9.44110010e-01  1.40810684e+00  6.00440039e-01
 -2.66468456e+00 -3.73171626e-01 -5.85425368e-01 -3.61875894e-01
  5.74353200e-02 -4.82272445e-01 -4.61409508e-01  2.01517956e+00
 -8.54897854e-01 -9.00448737e-01  4.33079246e-01 -2.06289497e+00
 -9.36035278e-01  7.36643534e-01 -1.45323995e+00 -3.11154170e-01
  5.76079280e-02 -1.50703350e+00 -8.19958657e-01  1.05756521e+00
 -1.54278950e+00  8.08612394e-01  1.33368594e+00  9.56149030e-01
  3.78904118e-01  1.11566433e+00 -2.29074841e+00  5.63202869e-01
  1.07515723e-01 -3.49297562e-01  1.12248673e+00  7.64517249e-01]
[0. 0. 0. 0. 0. 0. 0. 0. 0. 0. 0. 0. 0. 0. 0. 0. 0. 0. 0. 0. 0. 0. 0. 0.
 0. 0. 0. 0. 0. 0. 0. 0. 0. 0. 0. 0. 0. 0. 0. 0. 0. 0. 0. 0. 0. 0. 0. 0.
 0. 0. 0. 0. 0. 0. 0. 0. 0. 0. 0. 0. 0. 0. 0. 0. 0. 0. 0. 0. 0. 0. 0. 0.
 0. 0. 0. 0. 0. 0. 0. 0. 0. 0. 0. 0. 0. 0. 0. 0. 0. 0. 0. 0. 0. 0. 0. 0.
 0. 0. 0. 0. 0. 0. 0. 0. 0. 0. 0. 0. 0. 0. 0. 0. 0. 0. 0. 0. 0. 0. 0. 0.
 0. 0. 0. 0. 0. 0. 0. 0. 0. 0. 0. 0. 0. 0. 0. 0. 0. 0. 0. 0. 0. 0. 0. 0.
 0. 0. 0. 0. 0. 0. 0. 0. 0. 0. 0. 0. 0. 0. 0. 0. 0. 0. 0. 0. 0. 0. 0. 0.
 0. 0. 0. 0. 0. 0. 0. 0. 0. 0. 0. 0. 0. 0. 0. 0. 0. 0. 0. 0. 0. 0. 0. 0.
 0. 0. 0. 0. 0. 0. 0. 0.]
[ 0.4218514   0.10861621 -0.58525201  1.76000556 -1.17703032  0.3485015
 -0.08170031  0.8431488  -0.44647702  0.57648272 -1.55664996  0.38319356
  0.45257768 -0.13026919  0.31281631 -0.54956682  0.0818557   0.25135698
 -0.33942144 -0.52875158  0.40301567 -0.04601512  0.41293348  0.17900022
 -0.99563172 -0.27201683  0.1849455  -0.44151811 -0.62787562  1.33775556
 -0.094584    1.09487736 -0.3186062   0.39211148 -0.4772033   0.7509294
 -1.70136348  0.77471052  0.70140792 -0.34239408  0.84808068 -0.87571272
  0.09176675  0.5070986  -0.10846082 -0.87071328  0.74897016 -0.29283206
 -0.31761307  0.51403702 -0.62192358 -0.60606725 -0.02817252 -0.15901597
 -0.31266092  0.79950504 -0.48612798  0.32966578  0.30984367 -0.60706038
 -0.02519853  0.52394807 -0.6853962  -0.22741372  0.90456084 -0.36023668
  1.69859352 -1.03326264  0.62009946  0.19485655  0.54972221 -1.11555072
  1.12561716  0.0818557  -0.03709382 -0.09061823  0.3861662  -0.03015541
  0.1671029  -0.26408528 -0.03511161  0.70336716 -0.08963185  0.19386342
  0.48826288 -0.4573812  -0.11936501  0.31678208 -0.32157884 -0.23732477
  0.7063398  -0.5783136   1.7491284  -0.63580716  0.38913884 -0.06980299
  0.53485225 -1.0917696   1.12764396  0.21071964 -0.4772033   1.39328988
 -0.8667948   0.03328411  0.20774024 -0.35231189 -1.28309952  1.17223356
 -0.60309461  0.38319356  0.13736299 -0.66950609 -0.83700084  0.30885054
 -0.727959    0.11060248  0.75687468 -1.43477172 -0.22344794  0.0402232
 -0.2561605  -0.47026489  0.11654776 -0.7884252  -0.42169601  0.37625515
 -1.04420736  1.07609568 -1.20574332  0.12249304  0.13736299  0.47537918
 -1.35147024  0.91550556 -0.30274987  0.8431488   1.11967188 -0.16100224
 -0.35726404  0.84706728 -0.79835652  0.08284883  1.371468   -0.28589365
  0.05608291  0.68749056  0.0263457  -0.15901597  0.41293348 -0.396915
 -0.08170031  0.47637232 -0.50595008  1.82844384 -1.36836024  0.50610547
  0.0402232   0.43572822 -1.01150832  1.0532604  -0.09557713 -0.24029741
  0.300919   -0.70715052  0.0451794   0.3990499  -0.47225116 -0.36916135
  0.61712682 -0.49108013  1.13554848  0.29001481 -0.9252342  -0.40781918
  0.52097543 -1.6359654  -0.14613228  0.86294388 -0.6387798   0.29794636
 -0.36222294 -0.50595008 -0.31166779  0.22360333 -0.80038332  0.21071964
  0.8877384  -0.70620468  0.58144163 -1.1086596   0.14033563 -0.16794065
 -0.16298174 -0.92327496  1.32187896 -0.22741372  1.3407282  -0.82213764
 -0.80234256 -0.55353259]
[-0.89339721  0.5227236  -0.30497366 -0.66943444  0.0982394   0.80596525
 -0.70219496 -0.20858377 -0.52328045  0.10108265  0.95866781 -0.44220058
 -0.21506589  0.3956173   0.12804515 -0.2115806   0.04548815 -0.02004522
  0.32824458  0.2910218  -0.44563964  0.37055107  0.08090299 -0.12058843
  0.25429621  0.30711168 -0.32157759  0.54237853 -0.39432115 -0.1988007
 -0.19811027  0.10609286 -0.74668213  0.32079707 -0.19860891 -0.40052376
  0.89554552 -0.59861321 -0.21903116 -0.01851348  0.11643432  0.12475819
  0.21395788 -0.60212655  0.32865738  0.21101485 -0.34926872  0.29828604
  0.47458923 -0.05109223  0.28058829  0.45047796 -0.10352583  0.45024248
  0.07118021 -0.2334986   0.37539211  0.14772221 -0.39752732  0.32747802
 -0.09079026 -0.67546306  0.68436072 -0.26200449 -0.16757853 -0.15801216
 -0.08733606 -0.19581894  0.15643414 -0.89102966  0.14940024  0.14284672
 -0.55801705 -0.19459128  0.49680487  0.13958273 -0.35775633  0.10068191
 -0.326287    0.25409005 -0.4811836  -0.39009682  0.50267552  0.19951059
 -0.51879116  0.11652942 -0.0880666  -0.31168218  0.32614676 -0.2249023
 -0.14908295  0.10673786 -0.58332326 -0.3580819   0.31575195 -0.4243204
 -0.09219085  0.33414505 -0.49629622 -0.04676156  0.04236128  0.01002152
 -0.20100488  0.33275672 -0.66264109  0.57683956  0.16529258 -0.21584329
  0.02798505  0.12554755  0.03286241  0.39086755  0.38197699 -0.41841197
  0.69390562 -0.26102858 -0.12135408  0.8613797   0.72739009 -0.14824889
  0.29092751  0.37372745 -0.27730767  0.85805186 -0.10323755  0.2725171
  0.38180826  0.1217893   0.04892836  0.43072059 -0.7114403   0.26486455
  0.19139548 -0.24146769 -0.0535286   0.0378523  -0.53855964 -0.12659057
 -0.01865608 -0.69730607  0.53166639 -0.35705456 -0.69089787  0.20894913
  0.10060698 -0.52957202 -0.25593916  0.06040829 -0.30440184  0.39985071
 -0.25244333  0.02024666 -0.08408432 -0.40919284  0.081884    0.30509348
 -0.36018786 -0.1190146   0.22555624 -0.30910774  0.0578442  -0.00799864
  0.09343874 -0.00479762  0.564777   -0.78515923  0.52982863 -0.24613152
  0.18816328  0.24282132 -0.11999172 -0.35369246  0.7900524  -0.18797583
 -0.35917879  1.03960034  0.1131774  -0.24695493  0.16833209  0.57446199
 -0.01961185  0.46868723  0.22412985 -0.22589834  0.87249234 -0.42707534
 -0.36017952  0.16859836  0.33486004 -0.04314266 -0.08374353 -0.71983038
  0.78014613  0.17103398 -0.50120563 -0.11270654 -0.18789804  0.05172998
  0.30608331  0.01621123]
